[gd_scene load_steps=10 format=2]

[ext_resource path="res://models/tron_animations.gltf" type="PackedScene" id=1]
[ext_resource path="res://ClawTarget.gd" type="Script" id=2]
[ext_resource path="res://materials/tron_red_material.tres" type="Material" id=3]
[ext_resource path="res://BoxmanCharacter.gd" type="Script" id=4]
[ext_resource path="res://assets/energy_ball.jpg" type="Texture" id=5]

[sub_resource type="PlaneMesh" id=1]
size = Vector2( 0.05, 0.05 )

[sub_resource type="SpatialMaterial" id=2]
params_blend_mode = 1
params_cull_mode = 2
albedo_texture = ExtResource( 5 )

[sub_resource type="SphereShape" id=3]
radius = 0.01

[sub_resource type="BoxShape" id=4]
extents = Vector3( 0.00888937, 0.0136881, 0.00778977 )

[node name="tron_animations" instance=ExtResource( 1 )]
script = ExtResource( 4 )

[node name="EnergyBall" type="MeshInstance" parent="." index="0"]
transform = Transform( -1.17146e-06, -26.8, 0, 26.8, -1.17146e-06, 0, 0, 0, 26.8, 0, 0, 0 )
visible = false
mesh = SubResource( 1 )
material/0 = SubResource( 2 )

[node name="Tween" type="Tween" parent="EnergyBall" index="0"]

[node name="Mesh_0" parent="Armature/Skeleton" index="0"]
material/0 = ExtResource( 3 )

[node name="BoneAttachment" type="BoneAttachment" parent="Armature/Skeleton" index="1"]
transform = Transform( 0.999133, 0.0138148, 0.039277, -0.0396157, 0.0251578, 0.998898, 0.0128115, -0.999588, 0.0256835, 0.000899434, 0.00682782, -0.03517 )
bone_name = "head"

[node name="StaticBody" type="StaticBody" parent="Armature/Skeleton/BoneAttachment" index="0"]
script = ExtResource( 2 )

[node name="CollisionShape" type="CollisionShape" parent="Armature/Skeleton/BoneAttachment/StaticBody" index="0"]
transform = Transform( 1, -1.60323e-17, -2.77556e-17, -1.4176e-17, 1, 1.42109e-14, 2.77556e-17, 0, 1, 0, 0, 0 )
shape = SubResource( 3 )

[node name="BoneAttachment2" type="BoneAttachment" parent="Armature/Skeleton" index="2"]
transform = Transform( 0.998893, 0.0468776, -0.00387334, 0.0053213, -0.0308016, 0.999511, 0.0467353, -0.998425, -0.0310169, 0.000610162, 0.00615867, -0.015188 )
bone_name = "spine_1"

[node name="StaticBody" type="StaticBody" parent="Armature/Skeleton/BoneAttachment2" index="0"]
script = ExtResource( 2 )
target_area = "torso"

[node name="CollisionShape" type="CollisionShape" parent="Armature/Skeleton/BoneAttachment2/StaticBody" index="0"]
shape = SubResource( 4 )

[node name="HandAttachment" type="BoneAttachment" parent="Armature/Skeleton" index="3"]
transform = Transform( 0.130759, 0.965857, -0.223655, 0.778589, 0.0396156, 0.626282, 0.61376, -0.256028, -0.746826, 0.00228635, 0.0218658, -0.0345533 )
bone_name = "right_hand_index_1"
[connection signal="tween_all_completed" from="EnergyBall/Tween" to="." method="_on_Tween_Energyball_completed"]
[connection signal="animation_finished" from="AnimationPlayer" to="." method="_on_AnimationPlayer_animation_finished"]
